$ANSIBLE_VAULT;1.1;AES256
34366364363731633462343237656662613139626239303863303738333636373062346639386137
6162636536383239643934396366383835643635613862390a646430313736623732336266343763
32313134663334393236333338383265366133333961356330303430393862396633613830376338
3065316563396164630a643462386564643633353766366239336230666164373461366465386436
39613233643763393861376562303633653239336537346130316538313234373162316339373331
39396437353635666665303530643463363237393262663336623561303333663365376161383530
34376165666336316365633466326235313161323232363332666138386633353534386531363831
66666332656534663634396332393565303562386535396434393565653736336436376234306666
66396532376231383764616535386465313339633435636563326637353366323465326538326466
35303939366666363963643731623438653437356561316632316133626633333237623434393230
65636361666637313966346334363562623261343166393733396662363533616538623535646361
30313234376166633362373737613764323838323463316235303933313432366435346638653366
37363963343433336135346465353233306530346233656537616438303039326133636132326338
62646335643432356361373533333836313338653762326332383238373839326364306662653036
64363039616662653338383731313862663238386232393835616231383237633664383139366262
66313361303630643563326238396236663538393338363636313735306638623232616365623733
31616561393239643035323735303439353131663061306164386461333364633466343439623535
65323730626566623766313637373230646463313732633037303037376462373538613062383531
32623939623132353663386366336330336133653533643337653134383062343165343962356365
30626561373366373062313965313039623738656562376163303536616564653632323664346534
30396162613864323137613636666230386637313534623330613638393937353062623234346566
38616166333036626536396336616131393566613262663862333964633837623831653932643830
31356462656633373366653762303433623732613230383737623539353332343031396362343963
37356430643332656662633531353135623339306638356237636138333535306231633335373435
39323962373365363535316562363838623232356531633137356233666564303739636563663465
37303461373733333135633338333666616630663439636634663861393965306661633435646365
30366139666637656466653063333863363463356561636563396137343263613035343834376361
38663536303532373734393162663837373734386366396563656530306438353432633036396263
36376135656564326230333536353636626564303136346263613731366163316338653465613735
33336637653832353361626632613562613962656162306237613131623566396433396263663637
34313264626236343136653163313431356361363835346333383535643235303838656365393633
32363563643036316162393731623434353661366633646235366633353734353533376363313337
34633765303739343963386564623865626130306236383333363563363463336438653130356466
61646163666239323838663263613530313433313136323562336161616531306432356363363836
34323766616639373865323939313964636532616564346535666135366633383031646662313962
63353030393530383531653938646437633938326630646633643537323639336239303634346336
63303438323163366538396561623736393737643762623564376433363462386466333163613835
37393162356561373839306536333730356538643637663337343435383464323332663066356139
35346337643738386434303139616165376639613765346165626138323637316464373664636336
36353738663631336566393662343135663561343761373963643661326563643432663362363562
34306239336333353366303362393033666634343264653965383166353139656439393939393362
37303964326438313039303439396336646262326135393532346235303764646466663132316263
34366664303532633139336637323634326266326636366232336539393066366562646631646137
66633333633434396364643430626565363865376539383734643834643738653961303166653234
36343264616661663938623866643063363239396163316337663035653931393535336631643364
36323232383361386262353837383966646135393465383835636430663533616137323131663462
37386564383337623864306266613561613939353563316165376131626332626363383337616530
38323366636634646531356236326236643737666661356566623633663763303836663837366161
38386365323839393838613934656462393434616139393066303663633737666462663730393032
63383762643563353737333736303261323361393634303061613064643937633436623936373636
35623634663561383361613666616334663135323766656263313532326664343535383335316561
61353866666439376231306465333262383162656638633230383235356664393438396361396639
35636532666436323831613330646263623963626430646434613364636464326161383536623666
32663332613636646636343666306661303432303634633732666561613939613035636261396633
65313563633638346364613437663564616139613563363836306639363962656337303466396233
30653661386135663333616465643761336662393030373562343636303132376131356135356630
61333735663464643334343833363931653364613738653461383032663031386361376163393233
31623338663261396162343965303361353933306264643331663565326166633338393234376338
38393134666336663232353262653265633432393539633132303137323764393639616166333631
36663832353639333738636261633134316130333661386138356636393766616261663963316533
34646430386461663463306261323062393732623939656231633637613736656330393366663935
62333533663161343438376530663732356236333861386165393961306464393531376538356134
36343630393963626262353431353763636662313838623465333662633137646239313065383461
31353234633338303334616338373162653737386139613334623539373363306166306239636437
63386134316139616331643966313039353562383731313066666632326630303762656635313236
39656534386631396563363935653834373339623065663165313533653931323966373866633431
39396133656636643134643534666363323331653164313262303935633131383231366438326137
33363737623464303331386639653738636266313639363032313632343163393833326163306537
35316630326466663139393038343836646430306363323635393062613532613462623430666337
37336530396566613331326334393132643863636337323531626336363533326639343265383334
38633839333234343161366131373339353534656464353038363039333339353136373361616663
63383962366531653165623434393931306135313333363432393937363431363131663738323337
33616166323234383764373437623334663137653866323463306233666432646432666434376661
3761353433666235366231356539666336343830373931376133
